1.000000000 0.000000000 0.000000000 0.000000000 0.000000000 1.000000000 0.000000000 0.000000000 0.000000000 0.000000000 1.000000000 0.000000000
1.000000000 -0.000041054 0.000134226 -0.000221601 0.000041032 1.000000000 0.000163688 -0.000310592 -0.000134233 -0.000163682 1.000000000 0.000135589
1.000000000 -0.000001667 0.000100442 -0.000012046 0.000001677 1.000000000 -0.000100559 0.000259790 -0.000100442 0.000100559 1.000000000 0.000373775
1.000000000 0.000129313 0.000054429 -0.000098445 -0.000129311 1.000000000 -0.000027326 0.000056650 -0.000054433 0.000027319 1.000000000 0.000210425
1.000000000 0.000211925 -0.000040099 0.000120362 -0.000211921 1.000000000 0.000098574 -0.000103282 0.000040120 -0.000098566 1.000000000 -0.000025991
1.000000000 0.000177482 0.000073517 -0.000137253 -0.000177480 1.000000000 -0.000024699 0.000199899 -0.000073522 0.000024686 1.000000000 0.000121826
0.999999940 0.000269142 0.000282912 -0.000197699 -0.000269215 0.999999940 0.000259054 -0.000267240 -0.000282842 -0.000259130 0.999999940 0.000405699
0.999999881 0.000127348 0.000496215 0.000018362 -0.000127323 1.000000000 -0.000051665 -0.000006554 -0.000496222 0.000051602 0.999999881 0.000305843
0.999999881 0.000394849 0.000310167 -0.000006766 -0.000394889 0.999999940 0.000126990 -0.000024181 -0.000310117 -0.000127112 0.999999940 0.000222081
0.999999642 0.000289793 0.000817736 0.000057882 -0.000290007 0.999999940 0.000261735 -0.000047586 -0.000817660 -0.000261972 0.999999642 0.000635305
0.999999762 0.000285671 0.000642575 -0.000224447 -0.000286078 0.999999762 0.000633295 -0.001011438 -0.000642394 -0.000633479 0.999999583 0.000569325
0.999999940 0.000177629 0.000314712 -0.000097881 -0.000177724 0.999999940 0.000301640 -0.000395020 -0.000314659 -0.000301696 0.999999881 0.000423982
0.999999940 0.000203615 0.000189045 -0.000360168 -0.000203557 0.999999940 -0.000306042 0.000588296 -0.000189107 0.000306003 0.999999940 0.000147607
1.000000000 -0.000059420 0.000193652 -0.000217990 0.000059400 1.000000000 0.000104500 -0.000139743 -0.000193658 -0.000104489 1.000000000 0.000167853
0.999999881 0.000208437 0.000499636 0.000109358 -0.000208454 1.000000000 0.000032747 -0.000026684 -0.000499629 -0.000032851 0.999999881 0.000579153
0.999997616 0.000252948 0.002161755 0.000282115 -0.000253316 0.999999940 0.000169531 0.000149310 -0.002161712 -0.000170078 0.999997675 0.000796611
0.999999225 -0.000167113 0.001210600 -0.000877691 0.000167406 0.999999940 -0.000241341 0.000409022 -0.001210559 0.000241543 0.999999225 0.000165870
0.999999702 -0.000559634 0.000494422 0.000395551 0.000559634 0.999999821 0.000000722 -0.000731897 -0.000494422 -0.000000445 0.999999881 0.000340913
0.999999940 -0.000267308 0.000178096 -0.000235745 0.000267357 0.999999940 -0.000274752 0.000240867 -0.000178022 0.000274799 0.999999940 0.000058230
0.999999583 -0.000580184 -0.000690764 -0.000472937 0.000579703 0.999999583 -0.000696083 0.000995459 0.000691168 0.000695682 0.999999523 0.000420794
0.999999702 -0.000526533 -0.000551232 -0.000241231 0.000526746 0.999999762 0.000385207 -0.000190865 0.000551029 -0.000385497 0.999999762 -0.000223180
0.999999642 -0.000697410 -0.000527956 0.000050066 0.000697648 0.999999642 0.000450459 0.000598750 0.000527642 -0.000450827 0.999999762 0.001122697
0.999999881 -0.000442203 -0.000260610 -0.000160694 0.000442361 0.999999702 0.000607800 -0.000115614 0.000260341 -0.000607915 0.999999762 0.000510067
0.999999940 -0.000299846 -0.000253782 0.000131083 0.000300046 0.999999642 0.000786328 -0.000096429 0.000253547 -0.000786404 0.999999642 0.000093772
0.999999821 -0.000574649 0.000172075 -0.000424149 0.000574477 0.999999344 0.000998934 -0.000779419 -0.000172649 -0.000998835 0.999999464 0.000120829
1.000000000 -0.000130766 -0.000023763 -0.000471381 0.000130772 0.999999940 0.000249716 0.000551294 0.000023730 -0.000249719 0.999999940 0.000128925
0.999999702 -0.000349609 -0.000657606 0.000590309 0.000350245 0.999999464 0.000966659 -0.000689059 0.000657268 -0.000966889 0.999999344 0.000351294
1.000000000 -0.000140956 -0.000075163 -0.000783796 0.000140970 1.000000000 0.000174126 0.000453762 0.000075138 -0.000174137 1.000000000 0.000324375
0.999999881 0.000435028 -0.000112198 -0.000159080 -0.000434989 0.999999821 0.000349808 -0.000150050 0.000112350 -0.000349759 0.999999940 0.000191478
1.000000000 -0.000013628 -0.000242788 0.000126997 0.000013679 1.000000000 0.000212757 -0.000456363 0.000242785 -0.000212760 0.999999940 -0.000410996
1.000000000 0.000080558 0.000121336 -0.000217601 -0.000080602 0.999999940 0.000360236 -0.000635127 -0.000121307 -0.000360246 0.999999940 0.000067943
1.000000000 0.000073259 0.000150233 -0.000027936 -0.000073257 1.000000000 -0.000011093 -0.000005838 -0.000150234 0.000011082 1.000000000 0.000082137
0.999999940 0.000279204 0.000193508 -0.000081694 -0.000279188 0.999999940 -0.000083224 0.000143812 -0.000193531 0.000083170 1.000000000 0.000124958
1.000000000 0.000088307 0.000163616 -0.000009580 -0.000088300 1.000000000 -0.000043055 0.000002666 -0.000163620 0.000043041 1.000000000 0.000056177
1.000000000 0.000108288 0.000032379 -0.000027563 -0.000108289 1.000000000 0.000034040 0.000003595 -0.000032375 -0.000034043 1.000000000 -0.000130917
0.999999940 0.000170252 0.000208353 -0.000065529 -0.000170215 1.000000000 -0.000174491 0.000247369 -0.000208383 0.000174456 0.999999940 0.000110216
1.000000000 0.000042950 0.000094506 -0.000042503 -0.000042944 1.000000000 -0.000057600 -0.000015174 -0.000094509 0.000057596 1.000000000 0.000003929
1.000000000 0.000064490 0.000063670 -0.000136708 -0.000064501 1.000000000 0.000168280 -0.000357157 -0.000063659 -0.000168284 1.000000000 -0.000126385
1.000000000 0.000061727 0.000202558 -0.000262124 -0.000061770 1.000000000 0.000207730 -0.000406744 -0.000202545 -0.000207743 0.999999940 0.000032988
0.999999940 0.000222454 0.000132880 -0.000277772 -0.000222457 1.000000000 0.000026611 -0.000007670 -0.000132875 -0.000026640 1.000000000 0.000064175
1.000000000 0.000062397 -0.000016189 0.000166759 -0.000062398 1.000000000 -0.000077038 0.000077681 0.000016184 0.000077039 1.000000000 0.000153568
1.000000000 0.000104018 0.000017617 0.000050889 -0.000104021 1.000000000 0.000152891 -0.000287272 -0.000017601 -0.000152893 1.000000000 0.000200013
0.999999940 0.000026689 0.000289334 -0.000681147 -0.000026755 1.000000000 0.000230511 -0.000535953 -0.000289328 -0.000230518 0.999999940 0.000118736
1.000000000 0.000101353 0.000109249 -0.000317679 -0.000101405 0.999999881 0.000473575 -0.000823396 -0.000109201 -0.000473586 0.999999881 0.000212050
1.000000000 0.000148014 -0.000001622 0.000076855 -0.000148014 1.000000000 0.000020272 0.000006526 0.000001625 -0.000020271 1.000000000 0.000188824
1.000000000 0.000089635 0.000043066 -0.000006263 -0.000089631 1.000000000 -0.000102172 0.000247096 -0.000043076 0.000102168 1.000000000 0.000164061
1.000000000 0.000079937 0.000044652 -0.000047050 -0.000079936 1.000000000 -0.000023242 0.000007463 -0.000044654 0.000023239 1.000000000 -0.000035716
0.999999940 0.000231857 0.000278361 -0.000338876 -0.000231852 1.000000000 -0.000020066 0.000137927 -0.000278366 0.000020001 0.999999940 0.000560858
1.000000000 0.000148548 0.000064534 -0.000104361 -0.000148546 1.000000000 -0.000026584 0.000187835 -0.000064538 0.000026574 1.000000000 0.000059852
1.000000000 0.000042064 0.000068408 -0.000053625 -0.000042062 1.000000000 -0.000023560 0.000010700 -0.000068409 0.000023557 1.000000000 -0.000085978
1.000000000 0.000007021 0.000042021 -0.000201495 -0.000007025 1.000000000 0.000096211 -0.000169121 -0.000042021 -0.000096211 1.000000000 -0.000025368
1.000000000 0.000071352 -0.000040344 -0.000053783 -0.000071352 1.000000000 0.000006501 -0.000005748 0.000040345 -0.000006498 1.000000000 -0.000078340
0.999999940 0.000357386 -0.000061562 -0.000125334 -0.000357404 0.999999881 -0.000278881 0.000006452 0.000061462 0.000278903 0.999999940 -0.000140998
0.999999821 0.000428926 0.000342420 -0.000863176 -0.000429000 0.999999881 0.000216757 -0.001407357 -0.000342327 -0.000216904 0.999999940 -0.000221572
0.999999881 0.000298309 0.000333256 -0.000613762 -0.000297858 0.999999046 -0.001353269 -0.000891923 -0.000333659 0.001353169 0.999999046 -0.000199544
0.999999940 0.000177217 0.000263856 -0.000305657 -0.000176819 0.999998868 -0.001506934 -0.000925853 -0.000264123 0.001506887 0.999998808 -0.000224689
0.999999940 0.000153965 0.000387193 -0.000854470 -0.000153544 0.999999404 -0.001086114 -0.000924081 -0.000387360 0.001086055 0.999999344 -0.000472998
1.000000000 0.000059933 0.000119498 -0.000028694 -0.000059839 0.999999702 -0.000785602 0.000076263 -0.000119545 0.000785595 0.999999702 0.000035745
0.999999940 -0.000355626 0.000115211 -0.000329524 0.000355708 0.999999702 -0.000707247 -0.000556918 -0.000114959 0.000707288 0.999999762 0.000290880
1.000000000 0.000134262 0.000180677 -0.000415074 -0.000134195 0.999999940 -0.000368216 -0.000899436 -0.000180727 0.000368192 0.999999940 0.000062990
1.000000000 0.000206837 0.000028125 -0.000363732 -0.000206822 0.999999821 -0.000523836 -0.000200133 -0.000028234 0.000523830 0.999999881 -0.000465711
0.999999762 0.000452266 0.000499130 -0.001414427 -0.000452091 0.999999821 -0.000350301 -0.000296408 -0.000499289 0.000350075 0.999999821 -0.000081036
1.000000000 0.000155278 0.000121287 -0.000607989 -0.000155242 0.999999940 -0.000298407 -0.000436501 -0.000121334 0.000298388 0.999999940 -0.000213866
1.000000000 0.000026707 -0.000048768 -0.000201558 -0.000026695 1.000000000 0.000238280 -0.001500261 0.000048774 -0.000238278 1.000000000 -0.000325815
0.999999881 0.000348123 0.000274181 -0.000784190 -0.000348139 0.999999940 0.000057117 -0.001106439 -0.000274161 -0.000057212 0.999999940 -0.000486026
1.000000000 0.000104656 -0.000033626 -0.000161045 -0.000104687 0.999999583 -0.000932276 -0.000945587 0.000033528 0.000932280 0.999999583 0.000127234
1.000000000 0.000190424 0.000027941 0.000078794 -0.000190413 0.999999881 -0.000416972 -0.001780030 -0.000028021 0.000416967 0.999999940 -0.000065471
0.999999881 0.000015844 0.000467996 -0.000814980 -0.000015653 0.999999940 -0.000407797 -0.000973049 -0.000468003 0.000407790 0.999999821 0.000148164
1.000000000 -0.000091123 0.000206185 -0.000387306 0.000091167 1.000000000 -0.000213525 -0.001101683 -0.000206166 0.000213544 0.999999940 -0.000203235
0.999999940 0.000249226 0.000161725 -0.000337985 -0.000249084 0.999999583 -0.000879120 -0.000079802 -0.000161944 0.000879080 0.999999583 0.000171524
1.000000000 0.000014878 -0.000127796 -0.000358163 -0.000014976 0.999999702 -0.000766265 -0.001893470 0.000127784 0.000766267 0.999999702 -0.000673276
1.000000000 -0.000090698 -0.000181120 0.000043667 0.000090618 0.999999881 -0.000443262 -0.001728097 0.000181160 0.000443246 0.999999881 -0.000494193
1.000000000 -0.000012114 0.000158789 -0.000672240 0.000012189 0.999999881 -0.000467921 -0.002015811 -0.000158783 0.000467922 0.999999881 -0.000530388
0.999999940 0.000080813 -0.000247405 0.000241322 -0.000081211 0.999998689 -0.001608169 -0.001410486 0.000247275 0.001608189 0.999998689 -0.000634103
0.999999940 -0.000020871 -0.000358834 0.000456676 0.000020139 0.999997914 -0.002038215 -0.001705109 0.000358876 0.002038207 0.999997854 -0.000667310
1.000000000 -0.000114267 -0.000064394 -0.000086700 0.000114103 0.999996781 -0.002535205 -0.000959667 0.000064683 0.002535197 0.999996781 -0.000070134
1.000000000 0.000036639 0.000078894 -0.000504156 -0.000036477 0.999997914 -0.002053485 -0.001020716 -0.000078969 0.002053482 0.999997914 -0.000494075
0.999999881 -0.000105739 -0.000429113 0.000539016 0.000104915 0.999998152 -0.001920039 -0.001883868 0.000429315 0.001919994 0.999998093 -0.000712050
1.000000000 0.000012047 -0.000208112 0.000009889 -0.000012636 0.999996006 -0.002833276 -0.000185830 0.000208077 0.002833279 0.999995947 -0.000207562
0.999999881 -0.000344531 -0.000254010 -0.000180760 0.000343931 0.999997139 -0.002358507 -0.000935564 0.000254822 0.002358420 0.999997199 -0.000426676
1.000000000 -0.000036419 -0.000149064 0.000282855 0.000036167 0.999998569 -0.001688444 -0.001782841 0.000149125 0.001688438 0.999998569 -0.000375263
0.999999940 -0.000400572 -0.000040354 0.000201142 0.000400503 0.999998450 -0.001697872 -0.001484445 0.000041034 0.001697856 0.999998569 -0.000594496
0.999999940 0.000299128 0.000038403 0.000200525 -0.000299060 0.999998391 -0.001756291 -0.001097912 -0.000038929 0.001756279 0.999998450 -0.000326057
0.999999881 -0.000235000 -0.000370534 0.000806903 0.000234333 0.999998331 -0.001797403 -0.001758027 0.000370956 0.001797316 0.999998331 -0.001076404
0.999999821 -0.000465885 -0.000375976 0.000264295 0.000465111 0.999997795 -0.002056128 -0.002192964 0.000376933 0.002055953 0.999997795 -0.000800013
0.999999881 -0.000394362 -0.000229900 0.000036488 0.000393975 0.999998510 -0.001679034 -0.002041040 0.000230562 0.001678943 0.999998569 -0.000817576
1.000000000 0.000041962 -0.000110288 -0.000141631 -0.000042161 0.999998391 -0.001802051 -0.002975778 0.000110212 0.001802056 0.999998391 -0.000933797
0.999999762 -0.000528193 -0.000372915 0.000019702 0.000527443 0.999997854 -0.002008248 -0.001958031 0.000373975 0.002008051 0.999997914 -0.001243584
0.999999702 -0.000756243 -0.000256708 -0.000385296 0.000755634 0.999996901 -0.002361702 -0.001540937 0.000258493 0.002361507 0.999997199 -0.000377081
0.999999702 -0.000687664 -0.000426998 -0.000324028 0.000686858 0.999997973 -0.001884988 -0.002661644 0.000428294 0.001884694 0.999998152 -0.000934568
0.999999344 -0.000933095 -0.000631204 0.000033202 0.000931423 0.999996066 -0.002644882 -0.001742015 0.000633669 0.002644292 0.999996305 -0.000867813
0.999999940 -0.000072215 -0.000267756 -0.000234287 0.000071570 0.999997079 -0.002408702 -0.002445262 0.000267929 0.002408683 0.999997079 -0.000774603
0.999999285 -0.001168597 -0.000170006 -0.001151494 0.001168202 0.999996662 -0.002303325 -0.000991982 0.000172698 0.002303125 0.999997318 -0.000924285
0.999999940 -0.000200966 -0.000224253 -0.000131548 0.000200600 0.999998629 -0.001632405 -0.002932410 0.000224581 0.001632360 0.999998629 -0.001202118
0.999999523 -0.000892367 -0.000407362 -0.000378332 0.000891114 0.999994874 -0.003067238 -0.001492633 0.000410097 0.003066873 0.999995232 -0.000599425
0.999999046 -0.001219256 -0.000669249 -0.000305476 0.001218301 0.999998212 -0.001425975 -0.003673571 0.000670987 0.001425158 0.999998748 -0.000732353
0.999999821 -0.000574314 -0.000294911 -0.000579778 0.000573627 0.999997139 -0.002325694 -0.002408309 0.000296246 0.002325525 0.999997258 -0.000808204
0.999999762 -0.000478865 -0.000550811 0.000433763 0.000476863 0.999993324 -0.003630251 -0.001480272 0.000552546 0.003629987 0.999993265 -0.000696372
0.999998808 -0.001272442 -0.000850230 0.000297342 0.001269972 0.999994993 -0.002899080 -0.001734604 0.000853915 0.002897997 0.999995410 -0.000689347
0.999998808 -0.001171877 -0.001024734 0.000162262 0.001169092 0.999995649 -0.002714617 -0.002226918 0.001027911 0.002713416 0.999995768 -0.001135214
0.999999702 -0.000728375 -0.000139770 0.000136951 0.000727884 0.999993682 -0.003481798 -0.003051027 0.000142305 0.003481695 0.999993920 -0.001019252
0.999998271 -0.001462321 0.001168463 0.000438481 0.001467064 0.999990642 -0.004068417 -0.003830876 -0.001162503 0.004070124 0.999991059 -0.000907688
0.999992073 -0.001588683 0.003658953 0.000083668 0.001609401 0.999982655 -0.005666250 -0.004379295 -0.003649888 0.005672093 0.999977231 -0.001034372
0.999985814 -0.000926656 0.005243146 0.000132995 0.000956007 0.999983847 -0.005598188 -0.006498852 -0.005237874 0.005603121 0.999970555 -0.000726609
0.999972820 -0.002976927 0.006740993 -0.001729863 0.003034325 0.999959111 -0.008520702 -0.008553248 -0.006715352 0.008540925 0.999940991 0.000237522
0.999961495 -0.004462213 0.007553956 -0.001315697 0.004570195 0.999886751 -0.014338421 -0.009147918 -0.007489119 0.014372392 0.999868691 0.003196816
0.999938488 -0.007376916 0.008282513 -0.001924757 0.007574430 0.999681473 -0.024074562 -0.014332755 -0.008102279 0.024135817 0.999675870 0.006069116
0.999910772 -0.010427736 0.008347319 -0.001476717 0.010706856 0.999360263 -0.034122966 -0.021032942 -0.007986153 0.034209296 0.999382794 0.010018487
0.999904335 -0.009293726 0.010246569 -0.003980662 0.009685367 0.999197781 -0.038858891 -0.029258022 -0.009877205 0.038954414 0.999192178 0.012805515
0.999854267 -0.014004547 0.009765463 -0.006553071 0.014420270 0.998932421 -0.043886468 -0.040987324 -0.009140428 0.044020891 0.998988807 0.016576136
0.999803066 -0.017996337 0.008366700 -0.007516996 0.018403007 0.998509705 -0.051378109 -0.057103556 -0.007429613 0.051521961 0.998644233 0.019150080
0.999766648 -0.020048609 0.008044419 -0.010975447 0.020479079 0.998131096 -0.057575215 -0.074332081 -0.006875081 0.057726521 0.998308778 0.022112319
0.999728084 -0.022505734 0.006103789 -0.011554147 0.022861112 0.997539341 -0.066276610 -0.091621831 -0.004597167 0.066398129 0.997782648 0.024079232
0.999714375 -0.023138678 0.005976631 -0.013769638 0.023488862 0.997454643 -0.067324281 -0.113430373 -0.004403624 0.067445435 0.997713268 0.024718577
0.999733090 -0.022295181 0.006054281 -0.014506537 0.022664327 0.997293711 -0.069939457 -0.132123634 -0.004478584 0.070058011 0.997532845 0.026216861
0.999769270 -0.020331645 0.006934536 -0.015634056 0.020772845 0.997263074 -0.070956774 -0.148553535 -0.005472889 0.071084447 0.997455299 0.025937719
0.999782860 -0.019668398 0.006884927 -0.016556721 0.020098880 0.997390091 -0.069347031 -0.161413774 -0.005503013 0.069470353 0.997568846 0.030006461
0.999799967 -0.018450290 0.007720219 -0.019437624 0.018942950 0.997399390 -0.069538593 -0.168864951 -0.006417135 0.069670923 0.997549415 0.034310147
0.999819815 -0.017430516 0.007514969 -0.019294329 0.017909331 0.997440517 -0.069222160 -0.168682232 -0.006289157 0.069344275 0.997572958 0.040538568
0.999845803 -0.015531616 0.008197496 -0.021210125 0.016053338 0.997558355 -0.067968056 -0.166468441 -0.007121827 0.068089172 0.997653842 0.047144074
0.999861836 -0.014387775 0.008325141 -0.023640901 0.014918027 0.997601628 -0.067590177 -0.161062524 -0.007332702 0.067705035 0.997678459 0.053111754
0.999859929 -0.015186689 0.007035499 -0.021923007 0.015608868 0.997799039 -0.064447075 -0.159822732 -0.006041276 0.064547867 0.997896314 0.059484113
0.999840200 -0.016450750 0.006992746 -0.023687096 0.016856266 0.997899652 -0.062546819 -0.156937748 -0.005949117 0.062654696 0.998017550 0.064999498
0.999810100 -0.018675964 0.005563597 -0.024302484 0.018982556 0.997932851 -0.061397981 -0.158170760 -0.004405430 0.061491933 0.998097837 0.069320291
0.999809146 -0.018777730 0.005394965 -0.026156195 0.019059934 0.998125374 -0.058159281 -0.159561902 -0.004292753 0.058251008 0.998292744 0.072745614
0.999799788 -0.019556981 0.004230340 -0.026071269 0.019766385 0.998179615 -0.056980468 -0.161406666 -0.003108273 0.057052676 0.998366356 0.074841820
0.999833167 -0.017738318 0.004362297 -0.025808690 0.017960187 0.998179555 -0.057576168 -0.162052602 -0.003333051 0.057644907 0.998331606 0.077790111
0.999830484 -0.017789090 0.004745249 -0.026309906 0.018024709 0.998303115 -0.055370953 -0.166725084 -0.003752199 0.055447098 0.998454571 0.079614826
0.999846816 -0.016992562 0.004189234 -0.026813768 0.017194208 0.998391151 -0.054031871 -0.171431914 -0.003264354 0.054095626 0.998530447 0.079640940
0.999836802 -0.017442251 0.004709480 -0.027417405 0.017679991 0.998255730 -0.056328982 -0.172325268 -0.003718761 0.056403052 0.998401165 0.079398170
0.999831021 -0.017858462 0.004363850 -0.026849715 0.018074650 0.998272061 -0.055912055 -0.177605763 -0.003357806 0.055981483 0.998426139 0.079408057
0.999815047 -0.018771008 0.004180850 -0.026403891 0.018972741 0.998304784 -0.055023737 -0.184103534 -0.003140911 0.055092886 0.998476267 0.077770896
0.999817133 -0.018783636 0.003595098 -0.025021091 0.018947925 0.998413503 -0.053023018 -0.191806093 -0.002593429 0.053081442 0.998586833 0.077101186
0.999812126 -0.018987421 0.003903524 -0.024256524 0.019163458 0.998487473 -0.051531542 -0.197774068 -0.002919169 0.051596664 0.998663723 0.074276708
0.999826789 -0.018068012 0.004460574 -0.024462098 0.018255413 0.998759389 -0.046329185 -0.203543678 -0.003617964 0.046402592 0.998916268 0.072559208
0.999825954 -0.018203216 0.004089174 -0.022765525 0.018331250 0.999259591 -0.033825912 -0.211240575 -0.003470406 0.033894986 0.999419391 0.070238903
0.999834061 -0.017814783 0.003801695 -0.021984914 0.017885616 0.999650002 -0.019491628 -0.216373637 -0.003453125 0.019556390 0.999802768 0.068253838
0.999913037 -0.011122243 0.007084438 -0.023220314 0.011160411 0.999923289 -0.005370989 -0.223165676 -0.007024156 0.005449588 0.999960482 0.067054346
0.999953210 -0.005448366 0.007992530 -0.019913347 0.005432535 0.999983251 0.002001096 -0.230543986 -0.008003299 -0.001957583 0.999966085 0.065875746
0.999922693 0.003350085 0.011974027 -0.020064510 -0.003413779 0.999980092 0.005302872 -0.239389285 -0.011956024 -0.005343338 0.999914229 0.066115767
0.999792576 0.013402463 0.015335692 -0.019443305 -0.013418132 0.999909580 0.000919327 -0.243862167 -0.015321984 -0.001124913 0.999881983 0.066878475
0.999668896 0.020006469 0.016182829 -0.016800275 -0.020008164 0.999799788 -0.000057092 -0.259444892 -0.016180731 -0.000266715 0.999869049 0.071675658
0.999512196 0.024689540 0.019126181 -0.018285405 -0.024554297 0.999672055 -0.007273970 -0.266628653 -0.019299500 0.006800792 0.999790609 0.074140675
0.999288321 0.028827529 0.024326341 -0.021921875 -0.028512362 0.999506235 -0.013204725 -0.276564926 -0.024694990 0.012501727 0.999616861 0.077077486
0.999362111 0.022669308 0.027593950 -0.022596527 -0.022233266 0.999624670 -0.016007677 -0.288731664 -0.027946476 0.015383962 0.999491036 0.081452206
0.999405622 0.009892950 0.033022694 -0.024016086 -0.009235997 0.999757588 -0.019987589 -0.300200284 -0.033212423 0.019670712 0.999254704 0.085812815
0.999147117 -0.001968508 0.041244429 -0.027176810 0.002752695 0.999816358 -0.018965011 -0.322717756 -0.041199517 0.019062370 0.998969078 0.094562031
0.998403847 -0.016066702 0.054143883 -0.030811956 0.017304994 0.999597669 -0.022479668 -0.335859925 -0.053760920 0.023380749 0.998280048 0.101832673
0.997079432 -0.026931468 0.071465030 -0.033984166 0.028780758 0.999273658 -0.024974329 -0.346724898 -0.070740536 0.026958209 0.997130394 0.108746238
0.995101213 -0.038523339 0.091045678 -0.037532549 0.041113317 0.998796463 -0.026744187 -0.358349651 -0.089905828 0.030356366 0.995487511 0.115914091
0.992517412 -0.049765181 0.111501426 -0.038274869 0.052993428 0.998251736 -0.026176589 -0.368743658 -0.110003814 0.031889562 0.993419468 0.123776369
0.989128649 -0.060653590 0.133961603 -0.041264743 0.064524055 0.997609437 -0.024738355 -0.377147198 -0.132140890 0.033113159 0.990677714 0.131348282
0.985037982 -0.070595406 0.157214388 -0.044177026 0.075180002 0.996895432 -0.023400689 -0.389074296 -0.155074313 0.034869947 0.987287223 0.140815824
0.980660200 -0.078724742 0.179187000 -0.047030829 0.084263578 0.996166408 -0.023500491 -0.395523965 -0.176650003 0.038144939 0.983534336 0.148879781
0.976418078 -0.084721863 0.198570073 -0.051555827 0.091108076 0.995570004 -0.023231141 -0.403237790 -0.195722252 0.040774643 0.979811311 0.158852175
0.972724497 -0.092358768 0.212783828 -0.050752707 0.099230751 0.994825184 -0.021821981 -0.413074791 -0.209667236 0.042341471 0.976855636 0.165724322
0.968866587 -0.096198969 0.228129506 -0.055444535 0.103388593 0.994444966 -0.019748345 -0.421263158 -0.224962458 0.042719498 0.973430514 0.176134586
0.965614855 -0.100519061 0.239758044 -0.057629138 0.108167060 0.993952751 -0.018921277 -0.429068118 -0.236406207 0.044204589 0.970648229 0.183554381
0.962643087 -0.102304496 0.250703216 -0.062559128 0.110912152 0.993620574 -0.020410415 -0.433653980 -0.247015804 0.047453977 0.967848837 0.193883985
0.959686100 -0.105442651 0.260546476 -0.067374185 0.113676742 0.993377507 -0.016694305 -0.447135240 -0.257060707 0.045639377 0.965316951 0.202451691
0.956506729 -0.110220313 0.270085871 -0.069834441 0.118375607 0.992869616 -0.014042437 -0.455407232 -0.266612321 0.045403268 0.962733805 0.211508676
0.952926159 -0.115227208 0.280453920 -0.071605623 0.122844279 0.992378831 -0.009671767 -0.464275301 -0.277202129 0.043668643 0.959818721 0.219558567
0.948358536 -0.120087579 0.293589711 -0.075752512 0.127543911 0.991812766 -0.006311418 -0.469177604 -0.290428132 0.043431066 0.955910683 0.229396835
0.943558395 -0.126565218 0.306070060 -0.075118080 0.132942870 0.991123676 0.000007981 -0.479535967 -0.303354353 0.040682305 0.952008963 0.238559321
0.937229395 -0.130575985 0.323343575 -0.079421878 0.137368962 0.990518272 0.001829909 -0.482522011 -0.320516646 0.042702317 0.946279883 0.248080522
0.930393159 -0.137176618 0.339928180 -0.076534800 0.143921778 0.989574254 0.005420575 -0.487680256 -0.337127715 0.043879807 0.940435767 0.256782949
0.921765983 -0.143723086 0.360126406 -0.077515639 0.149878263 0.988644004 0.010935782 -0.494813234 -0.357608497 0.043894891 0.932839394 0.266354680
0.911995053 -0.149778947 0.381878674 -0.078105256 0.156771079 0.987550199 0.012935577 -0.493711114 -0.379061848 0.048070349 0.924121916 0.276555419
0.900191963 -0.159616500 0.405187547 -0.078363262 0.166170582 0.985909939 0.019206146 -0.500717282 -0.402544081 0.050041035 0.914031804 0.287634432
0.887478054 -0.168572247 0.428912640 -0.077067010 0.174798444 0.984282613 0.025163507 -0.504316926 -0.426413119 0.052641191 0.902995408 0.297699481
0.872822225 -0.178375199 0.454272747 -0.079268299 0.184733853 0.982306719 0.030773005 -0.505109847 -0.451724321 0.057060193 0.890330970 0.310456544
0.857139111 -0.188211292 0.479467601 -0.079302661 0.193711817 0.980302215 0.038513500 -0.507748723 -0.477271795 0.059867114 0.876714110 0.324863166
0.841112733 -0.198146209 0.503256798 -0.076311648 0.204423741 0.977921128 0.043373428 -0.508526623 -0.500739753 0.066395700 0.863047719 0.335419685
0.823654771 -0.206486002 0.528163195 -0.077251047 0.211280331 0.976036131 0.052097056 -0.512314439 -0.526263595 0.068680495 0.847543240 0.350208282
0.805860162 -0.216800854 0.550987005 -0.075839311 0.221885085 0.973319113 0.058455229 -0.512216091 -0.548959255 0.075149059 0.832463980 0.363370419
0.786814153 -0.226635754 0.574072957 -0.077490047 0.230941474 0.970679760 0.066686101 -0.513932586 -0.572354317 0.080107674 0.816084027 0.379112840
0.767739296 -0.235792354 0.595800519 -0.077500612 0.240095392 0.967948437 0.073689342 -0.514095485 -0.594079554 0.086474769 0.799744666 0.393387914
0.749011397 -0.242033705 0.616767049 -0.077171937 0.245900124 0.965951800 0.080437079 -0.515403032 -0.615235806 0.091414794 0.783025026 0.408359259
0.729252398 -0.250966340 0.636558533 -0.080318540 0.252252877 0.963388503 0.090835333 -0.523199916 -0.636049807 0.094331875 0.765860319 0.425735414
0.709984183 -0.256456047 0.655860245 -0.079631075 0.257210076 0.961424112 0.097502403 -0.523909271 -0.655564904 0.099468730 0.748558939 0.441925794
0.690742493 -0.264160633 0.673122644 -0.078987494 0.264068007 0.958742201 0.105268955 -0.524413407 -0.673158884 0.105036423 0.732000291 0.455346346
0.670883536 -0.271648109 0.690016389 -0.076574281 0.269857943 0.956123829 0.114034906 -0.525673032 -0.690718472 0.109702282 0.714754224 0.473458081
0.651110232 -0.277517289 0.706427515 -0.075861827 0.275483429 0.953692734 0.120743088 -0.524259746 -0.707222998 0.115991995 0.697410464 0.485696167
0.631082177 -0.282801509 0.722328544 -0.074327126 0.277723819 0.951822877 0.130010575 -0.524282753 -0.724296093 0.118560508 0.679219127 0.501516342
0.608586967 -0.289414734 0.738824010 -0.075586319 0.283336192 0.948988855 0.138350457 -0.524262369 -0.741176486 0.125137299 0.659543812 0.523403406
0.587513864 -0.294482082 0.753729224 -0.073226631 0.288189173 0.946506441 0.145163506 -0.525018632 -0.756157637 0.131931081 0.640952229 0.540487826
0.565633118 -0.299189299 0.768469095 -0.071750134 0.291722775 0.944205403 0.152885884 -0.525994003 -0.771334469 0.137702659 0.621354222 0.561312795
0.544180095 -0.301309526 0.782994688 -0.070755750 0.296193630 0.942183673 0.156714037 -0.526170313 -0.784944296 0.146637395 0.601963520 0.580724835
0.523468971 -0.304656088 0.795716643 -0.067849249 0.302656054 0.939473093 0.160591260 -0.526664853 -0.796479464 0.156763941 0.583990991 0.598738134
0.502197683 -0.307518035 0.808226466 -0.066306263 0.309010714 0.936740041 0.164409384 -0.526060402 -0.807657063 0.167184681 0.565454960 0.618821740
0.481623828 -0.313359678 0.818440199 -0.061838642 0.317506820 0.932835340 0.170316815 -0.530209661 -0.816840291 0.177831709 0.548769474 0.636560202
0.459653020 -0.318858981 0.828883648 -0.059991479 0.325320214 0.928903878 0.176930621 -0.529699385 -0.826369166 0.188325927 0.530704737 0.658488035
0.437851399 -0.321700186 0.839520812 -0.058061332 0.330162972 0.926079392 0.182672784 -0.530226290 -0.836228848 0.197195187 0.511698544 0.678664923
0.414949208 -0.322440684 0.850793242 -0.055635810 0.334916592 0.923570514 0.186676800 -0.527437329 -0.845959842 0.207483396 0.491225600 0.699835837
0.391858637 -0.325098842 0.860672712 -0.057141244 0.336795509 0.921241164 0.194636449 -0.531193376 -0.856163323 0.213600740 0.470488131 0.721016347
0.368276209 -0.326399952 0.870537579 -0.055828154 0.341918498 0.918275893 0.199652240 -0.529180169 -0.864560187 0.224125728 0.449781328 0.744008780
0.345797867 -0.329328686 0.878616273 -0.053952098 0.348116070 0.914582431 0.205801427 -0.531023145 -0.871343315 0.234694749 0.430905223 0.761916995
0.322921664 -0.332862675 0.885959387 -0.051699698 0.355354100 0.910263360 0.212471530 -0.531380892 -0.877180219 0.246217653 0.412227869 0.780611694
0.300127327 -0.335959285 0.892779291 -0.051131353 0.363130271 0.905696630 0.218746066 -0.534410536 -0.882077038 0.258543551 0.393821329 0.799309254
0.276876181 -0.336882174 0.899916649 -0.049583986 0.369416714 0.901872993 0.223956510 -0.533712268 -0.887057424 0.270436049 0.374157041 0.820407331
0.254774660 -0.337601244 0.906154096 -0.049207523 0.374592006 0.898368299 0.229380116 -0.532996595 -0.891499162 0.280997813 0.355344146 0.837328851
0.232974067 -0.340061337 0.911087990 -0.046652086 0.379976243 0.894224107 0.236603335 -0.533733070 -0.895176530 0.291069359 0.337546259 0.854394138
0.211195037 -0.339345694 0.916646659 -0.046827845 0.382254601 0.891786456 0.242071077 -0.534224153 -0.899598897 0.299268186 0.318057299 0.870871603
0.189327806 -0.342380971 0.920288205 -0.045999952 0.384217680 0.888340592 0.251451492 -0.532138646 -0.903621554 0.305984229 0.299736381 0.889222085
0.169090092 -0.347421914 0.922337592 -0.045613483 0.385799080 0.884471118 0.262430847 -0.531740427 -0.906955123 0.311462522 0.283590376 0.904539704
0.148268521 -0.351637095 0.924320102 -0.045751616 0.383744657 0.881873310 0.273933411 -0.530621707 -0.911458492 0.314087272 0.265692830 0.921048224
0.128577620 -0.356423259 0.925435126 -0.044736724 0.379629582 0.879789233 0.286098421 -0.530759215 -0.916160047 0.314536721 0.248429969 0.935480833
0.110538065 -0.360152066 0.926321626 -0.045943886 0.376939446 0.877591610 0.296225667 -0.525987148 -0.919618368 0.316422939 0.232762828 0.950671434
0.097376004 -0.366755068 0.925207317 -0.045992561 0.373716950 0.875071287 0.307548106 -0.530962229 -0.922417223 0.315817893 0.222273558 0.959972560
0.084953845 -0.367293566 0.926217139 -0.045611091 0.372341603 0.873934805 0.312409252 -0.527155161 -0.924199462 0.318328887 0.211002722 0.973911822
0.076451451 -0.369283766 0.926166713 -0.044858672 0.371110320 0.872686207 0.317326188 -0.529220223 -0.925436258 0.319450051 0.203763172 0.985545576
0.068890423 -0.367143214 0.927609801 -0.043029100 0.372410119 0.872068226 0.317502439 -0.528940499 -0.925507784 0.323578417 0.196805030 1.000313044
0.063089848 -0.363594562 0.929418445 -0.043331023 0.370986879 0.873084545 0.316373408 -0.527296722 -0.926492572 0.324842125 0.189971536 1.014223933
0.059979886 -0.361873209 0.930295706 -0.040710762 0.373957038 0.872247577 0.315182745 -0.528151274 -0.925504446 0.328986079 0.187642366 1.024321556
0.056459069 -0.358623862 0.931773126 -0.038639802 0.375341862 0.872424901 0.313038647 -0.524648070 -0.925165296 0.332059622 0.183862835 1.038867354
0.054003865 -0.361186773 0.930928409 -0.039470822 0.375595063 0.871170223 0.316213012 -0.523604810 -0.925209165 0.332575381 0.182706594 1.054317117
0.053854883 -0.367053330 0.928639650 -0.037636861 0.376308918 0.868883312 0.321610689 -0.525129795 -0.924927652 0.332135111 0.184919000 1.066549182
0.054922044 -0.371802032 0.926685929 -0.035235375 0.378197074 0.866682410 0.325312972 -0.524375856 -0.924094498 0.332603037 0.188214391 1.077790260
0.055642813 -0.373850912 0.925818264 -0.033483502 0.381933481 0.864701807 0.326217115 -0.519661069 -0.922513187 0.335449368 0.190900594 1.093430281
0.057242006 -0.379697531 0.923338056 -0.030966755 0.388777584 0.860325933 0.329683363 -0.524795949 -0.919551611 0.340101451 0.196864665 1.104127407
0.058893591 -0.380248606 0.923007309 -0.028741380 0.396648884 0.857404292 0.327913702 -0.520592034 -0.916079223 0.346797794 0.201320782 1.117275357
0.061536431 -0.384463191 0.921087027 -0.022450034 0.404424518 0.853290021 0.329145640 -0.523611069 -0.912498772 0.352255732 0.207994804 1.128279448
0.063751847 -0.383049965 0.921525002 -0.020179626 0.409078091 0.852289915 0.325970709 -0.522526324 -0.910269678 0.356194496 0.211032405 1.140210867
0.067643136 -0.381502956 0.921889305 -0.013728499 0.405733138 0.854669333 0.323915064 -0.522279382 -0.911485076 0.352130443 0.212600872 1.146206498
0.071641058 -0.378204167 0.922945917 -0.007402569 0.400307834 0.858433425 0.320695549 -0.519111097 -0.913576007 0.346487522 0.212897211 1.153193474
0.073218785 -0.375779420 0.923812032 -0.002124064 0.389991790 0.863328218 0.320266694 -0.522533059 -0.917902708 0.336829603 0.209762722 1.162649035
0.077357911 -0.371023864 0.925395608 0.005042516 0.382982582 0.868023217 0.316006094 -0.520647764 -0.920510769 0.329964846 0.209244177 1.168474197
0.081608251 -0.365607977 0.927184343 0.012558229 0.375951618 0.872857451 0.311095476 -0.518815756 -0.923038661 0.323188484 0.208683267 1.174486995
0.085726418 -0.360915333 0.928650200 0.019190095 0.369063050 0.877278149 0.306880563 -0.513957918 -0.925442278 0.316422731 0.208406433 1.181671977
0.089096986 -0.359013438 0.929070055 0.027880691 0.365281582 0.879564643 0.304853231 -0.514871478 -0.926623523 0.312210709 0.209507555 1.187211275
0.091836102 -0.355909914 0.929996848 0.036037728 0.361180723 0.882248461 0.301970392 -0.513641179 -0.927962601 0.308165133 0.209570035 1.190946460
0.089066058 -0.352279067 0.931647241 0.044669852 0.357801467 0.884244800 0.300148934 -0.512303412 -0.929540455 0.306611627 0.204802155 1.199051499
0.083493434 -0.348643571 0.933528900 0.054001465 0.356943667 0.885104001 0.298633873 -0.515156746 -0.930387080 0.308283329 0.198346481 1.203082323
0.073586583 -0.343657464 0.936207533 0.063557371 0.361848325 0.883981407 0.296045095 -0.513708711 -0.929328144 0.316980213 0.189401045 1.207480907
0.059306324 -0.337549448 0.939437687 0.072977826 0.364599586 0.883400917 0.294397891 -0.516161263 -0.929273903 0.325058907 0.175461635 1.212750554
0.042186894 -0.328866243 0.943433702 0.078830555 0.373160392 0.881126523 0.290460557 -0.516972423 -0.926807225 0.339798450 0.159891814 1.214500070
0.021465745 -0.321795434 0.946565807 0.088925615 0.378438383 0.878949940 0.290226609 -0.517393112 -0.925377548 0.351986945 0.140647024 1.219274282
-0.001520894 -0.316811681 0.948487222 0.095381208 0.380012572 0.877150714 0.293593377 -0.517250836 -0.924979985 0.360883653 0.119058371 1.222119212
-0.025469184 -0.318706810 0.947511077 0.103287578 0.380215108 0.873499274 0.304032236 -0.521471322 -0.924547315 0.368001491 0.098929837 1.226060390
-0.048642065 -0.323258549 0.945059657 0.108178481 0.382417560 0.868055284 0.316602111 -0.522463679 -0.922708333 0.376807600 0.081395745 1.227708459
-0.070035264 -0.329532385 0.941543162 0.111615941 0.385878861 0.861433148 0.330197573 -0.526918530 -0.919887304 0.386447102 0.066828892 1.230324507
-0.087543108 -0.337753713 0.937154472 0.113601141 0.391633898 0.853344023 0.344132096 -0.531616628 -0.915947080 0.397147864 0.057571456 1.230662465
-0.102326192 -0.346472323 0.932462454 0.114565894 0.397178531 0.845191956 0.357630938 -0.536421299 -0.912018955 0.406949103 0.051126078 1.228027821
-0.114649229 -0.356181264 0.927356660 0.116067320 0.398958862 0.838412941 0.371342897 -0.547072947 -0.909773231 0.412551373 0.045978278 1.228804946
-0.123940095 -0.363197625 0.923431754 0.118550062 0.400190443 0.833273113 0.381449342 -0.560276330 -0.908012331 0.416825414 0.042072251 1.224460483
-0.131398201 -0.367536068 0.920679986 0.119561702 0.402288646 0.829053879 0.388372958 -0.575365245 -0.906034410 0.421410650 0.038919389 1.218129992
-0.137376860 -0.370090067 0.918782234 0.121380307 0.405239552 0.825397015 0.393065691 -0.595769167 -0.903829932 0.426325053 0.036584660 1.210132003
-0.142443717 -0.370606512 0.917801976 0.124036290 0.407984883 0.822839260 0.395580411 -0.613941073 -0.901808202 0.430797338 0.033993557 1.201188922
-0.145865589 -0.372462332 0.916512430 0.128016472 0.409134805 0.820774615 0.398670286 -0.633605540 -0.900739670 0.433129400 0.032664567 1.188618302
-0.147908837 -0.372567177 0.916142225 0.129645392 0.411349893 0.819229662 0.399567187 -0.647018015 -0.899396658 0.435954511 0.032084122 1.174016237
-0.151571602 -0.371759832 0.915871441 0.136517525 0.407501161 0.820669293 0.400555581 -0.666664302 -0.900538027 0.433931589 0.027102411 1.163806319
-0.153716594 -0.368947238 0.916651011 0.139658660 0.404870272 0.822711468 0.399031222 -0.677691460 -0.901360869 0.432462484 0.022911310 1.151030183
-0.154940292 -0.368839651 0.916488290 0.142572954 0.396699309 0.826386392 0.399643779 -0.690009117 -0.904778004 0.425491184 0.018277913 1.138173461
-0.154913455 -0.371945232 0.915236950 0.149648547 0.384974957 0.830460250 0.402653754 -0.705355346 -0.909832954 0.414719790 0.014540151 1.121493816
-0.154855907 -0.374602944 0.914162040 0.155378670 0.376196504 0.833252609 0.405174464 -0.713124871 -0.913507402 0.406648159 0.011890233 1.105097175
-0.155360848 -0.376124710 0.913451254 0.160674021 0.365803987 0.837040961 0.406878173 -0.722296417 -0.917633116 0.397357047 0.007544503 1.092670321
-0.154549658 -0.377220601 0.913136840 0.165605038 0.359296143 0.839499116 0.407611907 -0.729056120 -0.920337260 0.391082853 0.005789623 1.073721290
-0.156181782 -0.379434943 0.911940992 0.174012661 0.355772585 0.839688718 0.410303324 -0.740540683 -0.921429992 0.388525456 0.003848448 1.062330961
-0.157296300 -0.379418701 0.911756158 0.182338104 0.357631564 0.838697374 0.410714656 -0.748571575 -0.920520306 0.390676677 0.003768131 1.050977230
-0.158824474 -0.380451113 0.911060750 0.189231843 0.362811148 0.835720003 0.412238121 -0.757049441 -0.918228090 0.396016538 0.005299136 1.037463069
-0.158944651 -0.381985813 0.910397351 0.198114127 0.366214514 0.833525777 0.413668633 -0.765258193 -0.916855216 0.399151146 0.007404268 1.022633672
-0.159208581 -0.381408900 0.910593033 0.207298920 0.363961518 0.834713817 0.413261414 -0.770255268 -0.917706251 0.397215605 0.005924523 1.011122227
-0.160044461 -0.379995495 0.911037445 0.219183952 0.361888766 0.836085796 0.412307054 -0.777764797 -0.918380260 0.395681620 0.003705189 0.999252915
-0.158369273 -0.379025728 0.911733866 0.228523344 0.360829443 0.837303996 0.410760373 -0.780553877 -0.919087231 0.394032240 0.004160374 0.982524633
-0.159311384 -0.378619254 0.911738634 0.240080148 0.356068641 0.839335203 0.410769403 -0.788202584 -0.920779526 0.390081763 0.001098797 0.972343922
-0.159902200 -0.377433836 0.912126541 0.253047973 0.353134900 0.840994716 0.409906834 -0.792100847 -0.921806395 0.387648702 -0.001191854 0.959037364
-0.162088633 -0.374349087 0.913011432 0.266186535 0.349309862 0.843568683 0.407890141 -0.796674967 -0.922881246 0.385038286 -0.005969092 0.951219380
-0.164968088 -0.371206135 0.913778722 0.280064344 0.350065827 0.844116151 0.406105816 -0.802176297 -0.922084272 0.386877149 -0.009305656 0.936235428
-0.172483057 -0.364098608 0.915249527 0.297770083 0.348887891 0.846355796 0.402441382 -0.805462599 -0.921155095 0.388733864 -0.018952429 0.925701499
